006998
002664
006546
004702
003871
007155
002649
002582
002410
003628
002269
001798
000513
000693
006172
005767
002716
007313
001512
003896
003348
006178
000962
006661
002688
007107
001836
002491
001340
005667
004601
005816
000274
005846
004663
003160
003698
000083
006817
006594
001572
005789
005294
006220
004217
000749
000259
006683
006523
001349
004200
005681
003526
002083
006883
003776
003072
003968
001815
004908
005356
002210
006124
001074
003876
004257
005417
004671
003514
007140
002776
001202
003884
005549
000461
000200
004803
004675
007099
004375
004497
007025
000233
005235
003912
007236
003745
001518
001034
006707
002854
003795
004659
000836
003362
004231
002996
005288
002734
001414
005774
001965
003459
007213
000927
007189
007237
006463
006289
006181
006347
002513
001484
000295
006471
000442
001278
003070
006158
006644
004808
003928
001766
001661
003696
004273
002587
002194
002555
001044
006257
004395
000162
005485
000286
007137
000180
005331
003570
005987
002328
003378
000724
006021
003598
004899
001809
000389
007245
005115
003284
004238
002703
006965
005657
006827
003120
004558
007152
007454
002803
005845
003169
003917
005020
005022
005752
006431
005061
000990
007064
003922
005509
000892
006073
000641
001895
003446
005306
001385
003200
007156
002125
005492
002192
006112
004006
005044
006527
003077
003285
001651
006949
001975
004052
006746
002199
004786
007017
004968
005654
004987
007021
006230
005314
006830
001663
004030
000972
005971
002186
002872
002629
005780
006888
007263
006285
003157
004906
002759
004044
001325
002954
000676
000325
000114
006779
001262
001047
004166
001981
006654
006140
005367
000172
001130
005837
003940
000744
002544
006886
004886
004894
003935
005243
006918
002471
006197
001976
004344
001580
007444
000215
002197
001468
003390
003549
000034
005248
001626
004381
001219
002435
005645
002252
007357
007113
002156
005171
000968
001045
000784
002923
006459
002426
002824
007171
003209
007097
007002
003921
004940
000054
004595
006861
003234
006020
001335
007075
002739
002132
003198
003328
004992
006688
000680
005397
002088
005773
004828
004498
004099
004212
002489
007333
002822
005521
001847
006775
003597
002430
004552
001009
000577
007051
005440
003911
006902
003999
006845
006307
002237
003576
003392
003258
003508
004901
006784
004005
003752
005104
003651
005968
000723
007050
004302
005023
003900
003334
004664
000017
001604
006128
002212
006011
001558
005259
002527
006065
007387
001539
006319
004449
006890
000056
005795
005435
004230
004297
001479
002535
004560
000044
002886
007096
003790
006255
002662
006279
000794
001300
005814
000467
005651
007461
004127
005761
005480
000760
003522
000068
001805
002918
000206
003673
003893
000980
006924
001968
005116
001486
001841
004533
007040
006988
000742
002566
000470
003648
005766
004274
001906
001739
003085
004197
001453
003656
005632
006398
003282
002084
000627
002701
005904
004165
002788
000080
004106
004550
001891
005254
006509
000123
000975
001534
005178
004606
002377
003978
000563
005416
000149
005463
000164
006419
003132
001429
001003
003973
004747
006825
000825
007220
005627
000913
007276
006591
003433
002792
005648
005195
003021
002259
004818
000593
000839
001001
005583
007358
001894
003361
002843
003154
004417
007094
007058
000060
007102
000919
000637
000091
004758
002436
006730
000193
006327
003289
006976
001205
000770
001570
004177
002698
000120
000217
006750
005870
003463
002480
005951
003672
002238
006162
004229
004614
005980
005720
003766
000198
007216
004167
004605
000710
005203
001642
003586
006225
007203
001700
004771
000945
000099
006975
003697
003815
005936
000982
006877
001280
005550
006653
002910
005406
007305
004643
006584
000018
002024
001126
001482
003320
001185
002475
001692
007254
001688
007334
002278
003619
000901
003845
001988
005392
002769
006699
000910
003271
005543
006296
005915
005897
003670
002416
003955
003149
005895
004112
001655
006138
005950
006271
000097
006132
003925
000464
004684
000609
006788
006064
000303
000553
002870
006094
002860
001826
003382
004837
001492
001408
001082
002825
002493
002395
001519
003140
005679
004292
002868
000095
006702
004183
007041
000507
001200
007184
003903
007045
000154
005353
000617
006538
005488
007190
004495
001568
000313
006935
006835
007471
003445
003784
002819
007044
003009
006979
006259
002627
001883
005530
002354
003472
005702
000400
005499
001896
001208
003994
002968
003821
007224
005084
002992
007268
001073
002144
004572
000010
000783
003545
005615
005005
003706
007408
005204
005087
006673
001646
006766
001036
003606
005792
007092
001103
001598
003462
007251
002316
005088
003321
005682
002920
004219
006129
002227
004442
006985
006984
005202
001181
001283
000992
006958
007338
000127
004427
004193
006522
003307
003178
002389
003761
003733
007009
001761
004775
003002
005693
001057
005604
006909
006200
006933
005212
005908
007121
002931
002484
003832
004507
005612
001370
006214
001366
006749
003565
002593
005636
005865
000965
003020
001964
000057
006397
002318
000526
000435
005512
000516
003398
000534
005261
004977
006429
003799
005932
000643
000688
006235
003839
004135
007114
005354
000758
002240
005535
004774
006157
002665
002174
001657
005872
006573
000474
002305
007188
002524
007223
002452
001498
003724
001360
001393
003039
007460
004413
003098
006878
005408
006209
002799
001914
006718
005048
002409
002523
003564
002834
004018
002632
006104
007356
006108
000960
000890
006155
006646
005517
004602
006642
004234
003333
003930
001735
000987
000449
001425
003594
003420
001256
004186
003369
001903
001316
006346
005403
003640
000880
003012
007432
002660
005192
001769
001777
001944
000813
003475
000594
001832
001110
002750
000425
001548
003249
006212
000865
001902
003195
004524
007390
005169
004070
006846
003749
001028
003742
001056
005250
007193
003533
003356
003855
002406
001957
003509
006120
004332
003744
001614
002700
003882
001341
007150
003339
004561
000597
005468
005791
006335
000673
005208
007086
007124
000482
003092
000426
004523
005501
005231
005421
003639
003384
006838
004544
002913
000715
002133
000678
006242
006449
005456
005924
001724
006724
002301
005945
003260
004325
002273
003953
007013
004625
000719
005802
000214
006680
004181
001309
005585
000142
002358
005753
000665
000349
005239
001987
006325
001390
006480
003599
001378
007341
005207
004461
005671
004253
003498
004451
001668
006722
002324
003189
004719
000584
002887
001090
001641
000255
002198
005228
003230
007476
001258
004872
005976
005594
006547
004809
005554
004473
006518
001161
003263
005502
007243
001748
005357
001248
004580
005295
002550
007259
003486
002679
001827
000695
005258
005513
002090
004180
003575
005956
000317
000557
006579
005959
005257
004317
003741
005966
006717
001990
005886
003944
002401
007108
006601
002671
007111
005848
005749
003664
001882
007427
006681
003717
001362
001963
006793
002777
002571
003657
002408
001669
006284
002368
004457
007285
005606
001092
006585
003963
005446
003168
006608
002498
007170
002331
002756
007306
000818
000287
006428
005755
002605
002936
006262
004488
001400
006562
005756
002865
005850
003381
002129
002622
004910
004712
000822
003423
000787
001186
001211
004854
001404
005993
002072
000997
001041
006412
002507
003068
006492
005000
000632
006153
005401
006932
001806
005866
000227
005470
001553
002222
004645
004805
003173
000141
002242
002470
002642
006790
001970
003277
002247
004412
006502
004662
001649
007167
004951
004467
000109
000339
003152
000891
000518
002374
005593
000110
001079
000026
006545
001020
003500
001491
001059
004505
004841
005099
001839
002771
000241
006072
005159
006893
006706
004134
001430
005809
000129
004919
003122
001100
007070
001061
003303
007218
001024
003959
006728
005861
003377
002109
001169
004484
002445
007105
004701
007234
001503
000797
001367
003743
003681
000687
005737
003220
002190
005851
006105
000565
005132
007046
002533
006111
002006
000529
001723
005374
002987
000484
003840
000085
003243
003720
002874
002946
002171
000067
004961
004244
005383
004133
006374
003069
001618
004627
004060
001449
004937
002618
003105
004356
000326
001361
006704
005697
004621
005937
005083
002180
006859
007324
006708
000121
007241
005730
000431
006687
002608
000416
006589
001994
002980
000375
006742
004593
002390
004677
000532
000166
003374
003895
006974
001773
000977
006809
003818
001209
002256
006373
003730
005209
002738
006875
004262
003578
001298
000936
004975
006668
003147
000029
001358
002837
003293
007443
002189
002007
002743
005033
005232
000685
001796
006367
001164
003248
001648
002326
004554
002634
001293
004564
004522
006375
006149
004824
007346
005875
003130
004046
001392
002005
006378
006743
000592
000603
003238
000445
002643
000950
007394
000757
006234
004459
001770
001962
000763
004586
003546
002790
002217
007429
005686
002921
001184
000596
005628
001910
003759
004466
002770
000599
005039
000112
006528
007018
005060
007222
005393
003974
003095
003767
002443
003510
005327
001426
007123
002496
004428
000833
006248
000353
000951
004504
005990
006485
003093
000101
001785
004597
000711
001520
005719
003438
001328
002884
001418
005621
003518
000384
001907
004840
002110
001695
000780
001674
003279
005750
002253
004086
003064
004616
004394
004819
001505
001052
004080
002835
006402
003208
004236
000713
005547
006337
004378
003936
000580
002547
005943
002912
000497
003241
001756
005326
005457
005622
006526
004123
006092
005690
006934
003987
001282
005691
003387
003675
007362
001357
006382
007472
004703
006145
004054
002373
004760
002097
006539
002494
005867
006823
000014
001233
006004
004537
006221
003725
006211
003143
007399
003687
003218
004031
002403
005983
004878
005091
000705
002309
006239
000232
004733
002469
006635
002350
000522
007181
001725
001196
005888
001686
003060
000538
001464
000288
000344
002852
005742
004563
005187
007239
002223
004286
002973
004020
004379
002554
005675
000730
005012
007175
005332
005940
004084
001908
005705
004102
004056
002122
003913
000633
003037
002829
004785
003267
000649
000834
004448
007106
005862
000598
000738
006049
000666
005541
005810
000011
004654
003638
000808
006911
007159
001830
002650
002762
003164
000364
003710
005833
005100
001124
007128
001961
003587
007057
002817
000189
003824
002859
005548
002119
002704
004355
007388
001922
002791
000086
006017
007332
000228
005173
005781
002689
001060
006609
001715
003740
006501
006051
004322
003261
004731
001678
007386
005270
000654
000258
006645
006320
005051
002933
000003
000209
002095
005376
002898
002195
002779
006541
004866
004139
004922
006350
005734
002647
001457
000410
001696
000036
001023
002838
003359
006487
002998
002041
003344
004416
000294
007321
003286
006839
003059
006236
005503
003577
004287
000432
001422
001452
005578
007143
001575
006842
000523
003774
005285
005277
003663
002670
002658
006299
006621
004536
004372
004883
003212
006040
006309
000888
001072
002849
004227
006867
003701
004094
006557
006966
000690
002691
002349
007101
002116
005025
000842
006662
004012
002070
000747
006055
006957
000781
002444
001790
002297
001753
006919
007452
005661
004939
000280
003537
002379
004354
003848
003642
005830
003253
007007
002015
002932
002317
007153
000681
000079
004856
004972
004144
007090
001320
006995
005340
002267
005674
007197
002655
003332
003602
005815
006089
000070
006986
006231
003013
004039
001033
006413
002270
000331
001659
002105
001406
007348
000163
006600
000622
005772
006617
003139
002719
005247
003084
003166
003842
001609
000712
004617
002031
005607
007320
006580
005245
004211
001456
006199
003650
004641
003274
000275
005076
003714
004247
006170
001483
001912
003592
001444
003414
004761
005396
005891
004240
000796
007392
000933
003097
006795
005281
005469
006081
000762
000225
000562
001166
003569
002065
006652
002981
000883
000456
006993
007340
005539
005533
003538
003371
000337
000759
002542
004916
004778
005522
003927
006328
006739
003287
001716
006082
001779
002235
005436
001313
004957
003512
002059
001029
000131
000821
003363
007446
005838
001467
004477
006622
004503
001151
000855
000552
002047
005825
005402
002652
002983
002172
000937
001401
000866
002751
006408
006640
004471
006689
002597
000914
001048
004204
002617
002230
005425
001747
006241
004661
004408
001499
001949
003317
002033
003205
002023
001624
002551
002352
005433
000995
000829
000887
002039
005412
005351
003595
006326
003833
004272
006387
000505
007195
005813
004728
004525
001297
007370
001879
005134
005131
003803
004468
005339
000261
001310
005655
005418
005310
004347
006851
003089
007248
001000
000714
005264
000753
000799
001288
000411
002302
005641
004539
003191
001561
002438
000000
005380
002970
001030
003380
004579
005030
002288
003273
004757
005016
005238
006099
001676
005629
006261
007054
005283
003485
004879
002441
000318
004015
006056
002465
004265
001440
002515
002938
005995
004991
005420
004518
000111
000115
001494
003534
006329
005286
001423
002623
002986
006400
000087
002595
004208
003561
002150
001338
005300
000256
003184
001757
006466
005605
006931
005160
000735
005614
006253
007428
001930
002381
003206
000292
000071
004751
002396
005758
003291
001915
007316
002226
006947
002342
000064
002807
002020
005991
003983
003268
003813
001322
007328
007361
004681
000638
000178
007378
006226
007282
002213
005884
001368
002214
004389
004252
002781
004358
006392
006605
002449
007365
003836
004176
003237
005491
001630
006554
007281
002141
004279
000830
002244
005831
004178
004382
001792
003693
000820
002149
006243
002030
000177
003831
005804
004897
001816
001628
003555
004062
004328
000675
004642
004844
003823
005089
005718
006281
004594
005960
003513
007228
003666
002417
003311
003041
005842
000993
005042
001916
005647
004145
002798
000285
002927
000176
004409
001212
007459
002026
004635
006142
004781
002697
005930
004199
001543
005716
007404
004736
000902
006991
007425
006201
007297
001551
003018
002667
003418
003040
001455
000776
003290
002683
000582
000145
006740
002313
000817
005898
001474
003785
000947
004847
004225
006610
003499
005797
007020
002682
003342
006620
004053
003713
006810
001396
002929
003460
004141
007286
003857
001531
003349
002394
005210
001838
005974
003431
004043
000941
003326
004050
002607
002842
003541
006871
001093
005868
003186
004351
000424
004512
002808
001834
000663
005567
003617
005003
003976
004674
003413
006159
005370
004741
006175
007039
006252
005165
006774
007186
007355
005142
003155
001873
005553
003819
006941
004869
005832
006504
002143
000238
006500
007060
000243
003540
004331
002281
005798
006390
000338
004400
000954
004233
004146
005748
006192
006575
002766
001119
006494
003985
005696
000788
001720
004235
005018
005722
005266
006135
003612
003201
007354
003125
002821
005196
006131
001016
006361
004780
002051
004913
007441
001509
004476
004826
001229
000119
000827
004623
004245
005387
001530
001523
005692
002178
006495
001677
005562
003957
004970
000871
001849
000733
001992
000100
001433
004432
001299
005011
003641
005957
003888
003694
003591
004192
003476
005694
002096
002451
001639
004103
001447
001951
002731
007406
006630
005200
005071
006359
004071
006923
005574
000500
005849
007465
005835
004037
004729
007457
001223
001122
002718
000872
002364
004445
007160
002850
005710
001671
002167
001250
000075
001312
000550
003709
001264
003825
002402
004315
004925
004463
006443
000882
000574
004022
002427
002654
000433
004399
003918
001476
000903
004930
000791
004499
007211
002018
006164
006721
004690
001032
001276
002969
006313
007393
000072
002899
000616
003036
003294
001865
006323
005373
005666
000380
006801
001204
004973
001323
000298
005768
004269
004749
005877
002545
002591
001938
000103
006776
006384
005464
005723
005027
000334
003113
001544
006019
005151
002061
005902
006455
003196
001197
004604
004359
005496
000155
002909
007073
004097
007298
001493
001842
004704
000646
000898
001351
006969
005388
005395
000621
006404
000860
005871
006080
006245
006119
004386
001473
000793
005439
002106
001950
004964
004546
001843
002176
004592
006510
005776
003437
000387
007116
006303
006627
002501
006448
000726
003772
004882
001623
005824
003345
006134
005504
006799
004019
000511
000038
004923
003796
007104
002104
002573
004857
002268
000720
005123
001383
005701
001462
003051
001584
004793
006430
006022
005252
003887
006171
000222
000009
004765
003501
002361
001935
003686
004310
002412
001459
001190
004545
002510
000240
004801
005205
003270
000556
000458
004789
006251
001098
006143
005836
003603
006736
004754
000575
003081
001040
001472
002972
004796
002672
006599
002869
004967
005847
004842
006035
001556
004628
006109
005860
002016
003997
004170
005953
000133
001810
007264
004216
007035
003336
001703
006716
003849
007372
000046
004653
000929
003262
002146
003939
003026
000631
004980
007368
003851
006160
003376
000125
000573
005043
006189
001062
000607
001921
003610
000342
003954
007151
005670
000330
003644
005364
002823
002092
003947
003494
002335
000664
001515
003567
006983
006216
004933
001460
004405
002117
000041
000471
007141
004057
001611
000785
005324
002274
000022
005066
002456
006352
002099
000105
006330
003721
000743
006207
006399
004982
006961
005608
005624
000668
003193
006834
001811
000576
004509
001165
001632
006805
002236
006191
004390
006499
006691
006383
005597
001496
001636
007296
002271
001958
001434
000257
007366
002888
000578
000815
004506
001247
006183
000150
007455
001948
005047
002472
006298
003436
002351
003646
000662
000363
003075
002339
003929
006963
001277
002275
004911
001302
000032
002614
002904
003525
005620
000777
001470
001364
001974
002155
000013
006264
000368
003941
003532
001315
005896
000296
006076
006101
002241
001559
001420
001500
001955
005009
006141
002431
000130
000074
001918
005592
003889
000501
006587
005305
001644
006927
003806
004218
001788
003415
004876
003765
003014
006025
005269
002579
003244
006748
004088
002296
004559
003468
001227
005344
007301
001091
006951
004696
004276
002956
005678
002485
005046
004978
002184
001175
000184
001354
007179
006967
002437
000276
001763
001504
006414
003256
004431
001578
006184
002181
005941
006619
005579
001672
001637
001121
006571
005688
006069
005998
001845
005778
004637
001947
006700
004676
002464
002321
003991
003536
003354
005500
003951
003455
006290
003971
005519
004069
001215
002537
003637
003680
005598
002322
001767
007373
003904
006865
002639
005711
001087
000171
003086
001540
004853
000348
003176
000868
005114
005253
002205
003572
003477
006203
007129
005527
003783
005216
005085
006684
006479
003817
007206
003444
003734
006921
002134
000540
003372
001279
002785
004147
004836
006147
000299
005929
003626
007414
007317
005524
004410
001685
001833
002576
002363
000775
004198
001240
000978
005137
003264
003138
005561
003111
005096
005858
005462
002855
003846
000525
001142
005400
005732
004455
003115
004812
003297
002249
002265
002676
001793
003158
004795
007066
004952
002871
006006
000832
002684
004296
003731
000896
001993
000254
002333
000007
003335
005183
002148
000570
005989
001326
007418
002939
004865
001105
003789
000531
006224
000661
004613
001475
004492
001413
005928
006458
002708
000587
003967
004320
003560
002514
003843
007148
004308
006939
003695
003636
000205
000043
003757
001803
007196
002285
007173
003581
005799
003590
004058
002816
006831
004646
006150
001601
004678
002211
007185
002312
001324
000585
001681
001436
000488
003215
000306
003400
006418
004600
003424
003458
000544
007077
006552
006671
001081
006461
006358
005454
006311
004772
007127
004971
006896
006757
002060
002857
003117
004073
002795
005992
006672
003100
004767
000955
004182
004583
005119
006059
006490
002668
005516
000689
005438
003810
004584
005384
002950
005726
004656
007231
002561
000656
005320
004075
005529
002578
004093
007293
004575
001128
003185
007363
004794
004997
000417
001369
003457
004313
004441
001301
006657
004900
003875
003452
002596
005211
004884
005979
003770
006615
005733
004619
003566
002733
001465
003966
007312
000994
002922
006291
003121
005455
003704
004880
002080
005428
000462
001917
003979
000444
001687
006193
003299
000640
003780
004268
004411
006566
005769
002055
000739
005497
004912
001490
006293
001550
006174
000959
003732
001638
002926
005346
000989
006929
006996
001857
001379
004515
001737
006254
007314
001220
004333
000483
005637
005942
000605
004114
003246
001876
003083
001049
001731
003473
002467
001911
001321
006053
007209
006940
007192
004025
006079
001017
002191
002714
000900
002560
004984
005102
005788
005265
005611
003516
005823
005303
005399
007307
003235
005290
006763
005483
004855
001791
004590
005563
001998
004357
000165
003163
005118
004066
000358
004877
006457
001399
003128
005844
002784
004478
004201
003685
001201
006970
000051
002466
003063
003008
002231
001506
006037
005569
001311
000157
005031
006476
000405
002536
000322
002780
006438
001812
003674
005348
001734
001913
006166
000703
006084
000858
000846
005126
003108
006032
004577
000441
003919
000996
002407
002208
002077
006821
003758
000845
007004
001417
005946
006180
002157
006926
003360
002610
005223
003861
004366
005493
003801
006912
000264
002098
005954
005225
005111
002588
005779
006946
000671
002774
004179
006904
002549
001595
003654
002862
006295
000851
004727
003123
005967
003454
005224
001454
000520
000652
002481
004258
000539
005302
006268
001005
000924
002522
000421
002873
004341
005394
007093
005146
000764
000073
004453
005177
001031
006015
001038
005215
003754
005715
001409
003768
001159
003329
001371
007226
002567
005398
002400
001819
006432
000905
004339
000629
002915
000549
003427
001691
001622
004820
007126
005738
005069
002261
000856
005317
004936
007295
004380
001171
000412
000579
006179
001174
001394
001728
000092
004479
000653
004115
003505
004784
003615
000946
002448
006864
006915
006735
000390
005107
006665
003045
006513
000586
006559
000502
005759
000148
002413
005150
000316
000179
005092
000158
002736
002323
004571
001607
003049
000490
001652
000049
004890
005301
006544
000210
006018
003952
000082
003995
000701
000208
002589
004845
000861
006536
001156
001348
000906
005193
005874
000439
000084
003028
002175
002906
002518
000957
004371
000160
003188
001157
006365
005029
005490
005154
001850
004334
002468
003278
005059
001599
003593
004261
004023
005117
000547
006631
006550
001428
004264
003786
002802
006824
001581
005475
002126
000030
004184
005568
000466
002069
002453
001864
002648
003015
004889
001971
001319
000136
001738
002705
005973
005575
004013
007308
007451
001566
001730
005442
002063
001510
006787
003853
003548
003858
004387
002952
004823
001708
000300
000835
006894
005272
007270
004267
003439
001563
000016
002147
004950
006292
007479
002592
006090
005352
003589
005626
001210
001080
002066
000998
003213
002517
001137
004361
007142
005419
006892
007474
007379
003556
003863
006840
003223
000918
006697
002447
006663
001532
004639
001743
000824
003942
002003
002508
004707
000925
004436
003844
000434
005771
000709
005977
005382
006363
001343
003078
007118
000867
002162
001901
003773
000864
002949
000732
004376
005358
004464
000934
002611
000221
003044
003091
002064
004076
002032
000423
004346
005508
003057
006606
002620
002678
005220
002204
006905
002311
005663
000244
000514
006705
003451
004090
002154
006422
001754
006727
003551
003314
005362
006260
007257
002559
003792
003523
001899
005526
000814
001939
002343
005414
005361
000857
006511
001889
002203
001608
004266
002164
006283
004870
000438
003838
001085
006304
004565
003585
000537
004969
004283
001759
002768
004194
004750
001775
002067
005644
000220
006690
005409
003596
002360
006341
002754
003699
002897
004078
005293
004798
006952
006308
003383
000277
005148
005853
004304
004159
003865
005097
001760
003850
000202
002941
000535
004965
003416
002388
000651
004067
002965
007400
000088
004827
001554
006223
006256
005291
003908
004838
006826
006310
003440
001541
005863
003171
005537
006362
006802
004510
003906
005129
001146
000623
002778
000886
004365
003479
006848
001109
003507
003119
004017
002637
007191
002263
001956
002114
005451
005775
004833
004779
001529
000921
003933
001837
003442
001860
000465
002482
003017
001744
004514
001112
004723
001673
006639
005890
002624
002145
006218
006972
004915
006389
001064
006447
003309
006814
005665
004151
006318
002289
006091
005263
002882
000602
003816
002221
006572
005098
005424
003151
006421
005520
003993
003700
005407
005880
007335
000418
005646
006916
001403
007250
003727
003988
001698
003327
000138
005920
005828
002832
005006
001690
002943
002975
004543
001874
001285
007147
006000
001168
000447
005186
000697
006564
006598
002732
005035
006450
006769
003722
000460
000371
006607
004035
004555
003877
007062
004607
000707
006206
003613
000271
004316
004169
003829
005478
000828
002609
000686
001593
003625
006880
006336
000012
000055
003949
005152
005507
004047
000096
006205
000487
006648
006467
001871
003960
003660
006217
006920
007134
000606
001799
000853
003868
002989
000895
000935
003989
001784
001821
002940
007249
001679
005609
001789
001571
005934
003862
001327
002851
006137
003760
007431
005278
001004
005130
002053
001290
006460
007438
002864
000870
007024
000185
002487
000045
000786
005506
002459
005518
002371
000672
005684
003245
005721
000282
004500
004631
003441
002687
001829
004014
000069
003910
002782
002375
005564
003340
001402
003023
005599
003665
000908
006401
001231
006188
000406
000310
004802
006376
000367
007367
003797
006113
004834
002659
002264
005432
002040
001973
005410
002355
005355
004029
000755
003867
002616
005411
002990
005106
006456
006675
001870
002813
000146
001405
001620
002723
005591
006857
004446
000253
000374
006567
000144
001612
003542
002009
005964
003079
006489
004203
000245
004755
006007
007269
002907
000219
006294
003104
006869
004024
004538
003016
005770
006543
002741
004670
007417
003729
001160
005764
001866
001170
005817
000267
001953
007036
003388
005808
000789
006616
002553
003493
003791
001373
003389
002512
003990
003391
006820
007001
003579
002421
001653
000304
000113
006277
006237
002967
001736
005007
000608
004945
004955
004535
001238
003227
001117